Nuovo array:
[ 0.37454012  1.15479594  1.14015721  1.21090338  0.97234517  1.17640268
  1.28257341  2.29474757  2.23376807  2.54480727  2.06140082  3.21480781
  3.28142223  2.86540034  3.03896782  3.244629    3.56954837  3.99414419
  4.10541441  4.16878016  4.69348555  4.42520815  4.78194057  5.06023939
  5.35402917  5.88721678  5.50579623  6.02443852  6.30670028  5.96481776
  6.72999383  6.49705474  6.59566384  7.68357941  7.90440754  7.95125449
  7.65155254  7.64869252  8.43933507  8.39933617  8.28530354  8.86252385
  8.60581709  9.68483061  9.23837182  9.84619575  9.69946618 10.11190476
 10.34262865 10.18485446]

Somma totale: 272.296195219613
Somma > 5: 210.46600498652322

Nuovo array:
[ 0.37454012  1.15479594  1.14015721  1.21090338  0.97234517  1.17640268
  1.28257341  2.29474757  2.23376807  2.54480727  2.06140082  3.21480781
  3.28142223  2.86540034  3.03896782  3.244629    3.56954837  3.99414419
  4.10541441  4.16878016  4.69348555  4.42520815  4.78194057  5.06023939
  5.35402917  5.88721678  5.50579623  6.02443852  6.30670028  5.96481776
  6.72999383  6.49705474  6.59566384  7.68357941  7.90440754  7.95125449
  7.65155254  7.64869252  8.43933507  8.39933617  8.28530354  8.86252385
  8.60581709  9.68483061  9.23837182  9.84619575  9.69946618 10.11190476
 10.34262865 10.18485446]

Somma totale: 272.296195219613
Somma > 5: 210.46600498652322

